SUMMARY                                                                                                                                  
================================================================================                                                         
./results/20NewsGroup/cate/word_sets.json                                                                                                
====PMIS====                                                                                                                             
        gun:269.766759207492                                                                                                             
        space:227.8688114825436                                                                                                          
        graphic:244.9348577916959                                                                                                        
        hardware:55.26855139176283                                                                                                       
        medicine:124.5463886453788                                                                                                       
        religion:256.30837456921427                                                                                                      
        <SUM>: 196.44895718134788                                                                                                        
====NPMIS====                                                                                                                            
        graphic:19.969735384485904                                                                                                       
        hardware:4.2900775297918                                                                                                         
        religion:24.771165887567864                                                                                                      
        medicine:9.66966688187325                                                                                                        
        gun:26.778141176574977                                                                                                           
        space:21.13224261865712                                                                                                          
        <SUM>: 17.768504913158484                                                                                                        
====DISTINCTIVENESS====                                                                                                                  
        <SUM>: 1.0                                                                                                                       
        <SEMANTICALLY DISTINCT>: 1.0666666666666667 