gun:401.5974806224375
space:390.0916944832325
medicine:349.9745921030789
html:0
sakura:88.73517910217092
religion:342.2410433811319
hardware:358.2216691627929
himalayas:27.764071501712053
lyrics:11.351471458436738
superhero:10.252859169768628