medicine:349.97459210307886
religion:326.0666743628438
graphics:348.52263884158197
space:430.53758104635824
windows:310.26117045798486
hardware:379.0828949513564
gun:401.59748062243756
sports:59.92150153273157
crypt:68.86042408457267
politics:205.27038918980534