seafood:228.6172738187629
burger:234.96702325189116
sushi:168.32695200307074
chinese_food:198.33263739552214
dessert:256.3457620884993
complained:0
vivid:11.335144251865158
breast:162.33367573794473
own:0
uk:26.834027917205262