SUMMARY                                                                                                                                  
================================================================================                                                         
results/yelp/bert-pretrained/word_sets.json                                                                                              
====PMIS====                                                                                                                             
        seafood:85.72407506334544                                                                                                        
        burger:181.16144579979783                                                                                                        
        chinese_food:30.378937475267993                                                                                                  
        dessert:185.96699854526483                                                                                                       
        complained:7.337963438096705                                                                                                     
        vivid:20.779460395572123                                                                                                         
        own:48.24478115478699                                                                                                            
        breast:39.38817539423683                                                                                                         
        uk:43.841758546451345                                                                                                            
        sushi:63.109979850058394                                                                                                         
        <SUM>: 70.59335756628785                                                                                                         
====NPMIS====                                                                                                                            
        seafood:7.306055897424063                                                                                                        
        burger:17.280755362533476                                                                                                        
        sushi:5.076661381996599                                                                                                          
        chinese_food:2.4968990718747492                                                                                                  
        dessert:22.252751901395804                                                                                                       
        complained:0.5158310906304918                                                                                                    
        vivid:1.4805040364141222                                                                                                         
        breast:2.8557104323619713                                                                                                        
        own:3.6717565001405523                                                                                                           
        uk:3.1075723920267553                                                                                                            
        <SUM>: 6.604449806679858                                                                                                         
====DISTINCTIVENESS====
        <SUM>: 0.98
        <SEMANTICALLY DISTINCT>: 0.96